spawns:
  default:
    world: 88bf0ee3-f88d-4716-93f1-b7ade8c81a99
    world-name: world
    x: 445.61835725693567
    y: 84.0
    z: 283.51635833979384
    yaw: -270.1744384765625
    pitch: -2.099940538406372
  all:
    world: 88bf0ee3-f88d-4716-93f1-b7ade8c81a99
    world-name: world
    x: 445.61835725693567
    y: 84.0
    z: 283.51635833979384
    yaw: -270.1744384765625
    pitch: -2.099940538406372
  '*':
    world: 88bf0ee3-f88d-4716-93f1-b7ade8c81a99
    world-name: world
    x: 445.4204828112128
    y: 84.0
    z: 283.4105642048061
    yaw: -269.28204345703125
    pitch: -1.8000448942184448
